1.422463E-13	5.413955E-06
4.035446E-05	5.415643E-06
1.607147E-04	5.416341E-06
3.614690E-04	5.416160E-06
6.427052E-04	5.415298E-06
1.004496E-03	5.414157E-06
1.446954E-03	5.413050E-06
1.970155E-03	5.411971E-06
2.574197E-03	5.410882E-06
3.259176E-03	5.409877E-06
4.025170E-03	5.409295E-06
4.872289E-03	5.409234E-06
5.800609E-03	5.409552E-06
6.810226E-03	5.410408E-06
7.901238E-03	5.412166E-06
9.073714E-03	5.414041E-06
1.032778E-02	5.414903E-06
1.166348E-02	5.414409E-06
1.308080E-02	5.412925E-06
1.457951E-02	5.411427E-06
1.615939E-02	5.410142E-06
1.782027E-02	5.408927E-06
1.956194E-02	5.407543E-06
2.138424E-02	5.406130E-06
2.328697E-02	5.405355E-06
2.526994E-02	5.405384E-06
2.733295E-02	5.405954E-06
2.947576E-02	5.406886E-06
3.169813E-02	5.408111E-06
3.399975E-02	5.408946E-06
3.638027E-02	5.408698E-06
3.883932E-02	5.407550E-06
4.137647E-02	5.406047E-06
4.399128E-02	5.405225E-06
4.668330E-02	5.405150E-06
4.945206E-02	5.405292E-06
5.229704E-02	5.405745E-06
5.521775E-02	5.406399E-06
5.821364E-02	5.407096E-06
6.128416E-02	5.407719E-06
6.442873E-02	5.408093E-06
6.764677E-02	5.408144E-06
7.093768E-02	5.407972E-06
7.430083E-02	5.407635E-06
7.773559E-02	5.407523E-06
8.124129E-02	5.407675E-06
8.481728E-02	5.407669E-06
8.846287E-02	5.407623E-06
9.217737E-02	5.407989E-06
9.596008E-02	5.408807E-06
9.981026E-02	5.409638E-06
1.037272E-01	5.410152E-06
1.077102E-01	5.409931E-06
1.117584E-01	5.409171E-06
1.158711E-01	5.408246E-06
1.200475E-01	5.407226E-06
1.242869E-01	5.406358E-06
1.285884E-01	5.405870E-06
1.329513E-01	5.405601E-06
1.373747E-01	5.405881E-06
1.418579E-01	5.406952E-06
1.463999E-01	5.408728E-06
1.510001E-01	5.410823E-06
1.556575E-01	5.412280E-06
1.603713E-01	5.412436E-06
1.651406E-01	5.411702E-06
1.699646E-01	5.410454E-06
1.748425E-01	5.408727E-06
1.797734E-01	5.406625E-06
1.847564E-01	5.404167E-06
1.897907E-01	5.401667E-06
1.948753E-01	5.399311E-06
2.000095E-01	5.397106E-06
2.051923E-01	5.395098E-06
2.104228E-01	5.393645E-06
2.157002E-01	5.393323E-06
2.210236E-01	5.394616E-06
2.263921E-01	5.397603E-06
2.318048E-01	5.402459E-06
2.372609E-01	5.409539E-06
2.427594E-01	5.419249E-06
2.482995E-01	5.431144E-06
2.538803E-01	5.445024E-06
2.595009E-01	5.461452E-06
2.651604E-01	5.480194E-06
2.708580E-01	5.500080E-06
2.765927E-01	5.517676E-06
2.823638E-01	5.527868E-06
2.881702E-01	5.528867E-06
2.940112E-01	5.513843E-06
2.998859E-01	5.481527E-06
3.057934E-01	5.432090E-06
3.117329E-01	5.367933E-06
3.177034E-01	5.293640E-06
3.237042E-01	5.214132E-06
3.297345E-01	5.134292E-06
3.357932E-01	5.056033E-06
3.418797E-01	4.980978E-06
3.479930E-01	4.909605E-06
3.541324E-01	4.842002E-06
3.602970E-01	4.778250E-06
3.664860E-01	4.717597E-06
3.726986E-01	4.659157E-06
3.789340E-01	4.602564E-06
3.851913E-01	4.547397E-06
3.914698E-01	4.493020E-06
3.977686E-01	4.439058E-06
4.040871E-01	4.384726E-06
4.104243E-01	4.330091E-06
4.167796E-01	4.274967E-06
4.231522E-01	4.218525E-06
4.295412E-01	4.160418E-06
4.359460E-01	4.100458E-06
4.423659E-01	4.038618E-06
4.488000E-01	3.975221E-06
4.552476E-01	3.910938E-06
4.617081E-01	3.847396E-06
4.681806E-01	3.786588E-06
4.746645E-01	3.731570E-06
4.811592E-01	3.687215E-06
4.876638E-01	3.655744E-06
4.941777E-01	3.638393E-06
5.007003E-01	3.634105E-06
5.072308E-01	3.640436E-06
5.137686E-01	3.653057E-06
5.203130E-01	3.669002E-06
5.268635E-01	3.685737E-06
5.334193E-01	3.701250E-06
5.399798E-01	3.714671E-06
5.465445E-01	3.725547E-06
5.531126E-01	3.734109E-06
5.596837E-01	3.740837E-06
5.662570E-01	3.746177E-06
5.728321E-01	3.750289E-06
5.794083E-01	3.753357E-06
5.859851E-01	3.755952E-06
5.925618E-01	3.758192E-06
5.991381E-01	3.759707E-06
6.057132E-01	3.760482E-06
6.122867E-01	3.760647E-06
6.188581E-01	3.760519E-06
6.254268E-01	3.760520E-06
6.319923E-01	3.760646E-06
6.385541E-01	3.760676E-06
6.451118E-01	3.760562E-06
6.516648E-01	3.760359E-06
6.582127E-01	3.760158E-06
6.647549E-01	3.759955E-06
6.712912E-01	3.759536E-06
6.778209E-01	3.758692E-06
6.843437E-01	3.757278E-06
6.908591E-01	3.755483E-06
6.973667E-01	3.753987E-06
7.038660E-01	3.753178E-06
7.103568E-01	3.753202E-06
7.168385E-01	3.754143E-06
7.233108E-01	3.755670E-06
7.297733E-01	3.757370E-06
7.362257E-01	3.759031E-06
7.426675E-01	3.760668E-06
7.490984E-01	3.762203E-06
7.555181E-01	3.763517E-06
7.619262E-01	3.764650E-06
7.683223E-01	3.765708E-06
7.747062E-01	3.766857E-06
7.810776E-01	3.768703E-06
7.874360E-01	3.771898E-06
7.937813E-01	3.776937E-06
8.001132E-01	3.784317E-06
8.064312E-01	3.784317E-06
8.127353E-01	3.784317E-06
8.190250E-01	3.784317E-06
8.253001E-01	3.784317E-06
8.315604E-01	3.784317E-06
8.378057E-01	3.784317E-06
8.440356E-01	3.784317E-06
8.502500E-01	3.784317E-06
8.564486E-01	3.784317E-06
8.626311E-01	3.784317E-06
8.687975E-01	3.784317E-06
8.749475E-01	3.784317E-06
8.810808E-01	3.784317E-06
8.871973E-01	3.784317E-06
8.932968E-01	3.784317E-06
8.993792E-01	3.784317E-06
9.054442E-01	3.784317E-06
9.114917E-01	3.784317E-06
9.175215E-01	3.784317E-06
9.235335E-01	3.784317E-06
9.295276E-01	3.784317E-06
9.355035E-01	3.784317E-06
9.414612E-01	3.784317E-06
9.474006E-01	3.784317E-06
9.533214E-01	3.784317E-06
9.592237E-01	3.784317E-06
9.651072E-01	3.784317E-06
9.709720E-01	3.784317E-06
9.768178E-01	3.784317E-06
9.826446E-01	3.784317E-06
9.884524E-01	3.784317E-06
9.942409E-01	3.784317E-06
1.000000E+00	3.784317E-06
