      1.422463E-13	9.836184E-01
4.035446E-05	9.836514E-01
1.607147E-04	9.837130E-01
3.614690E-04	9.838313E-01
6.427052E-04	9.838901E-01
1.004496E-03	9.839403E-01
1.446954E-03	9.840354E-01
1.970155E-03	9.841491E-01
2.574197E-03	9.842735E-01
3.259176E-03	9.844794E-01
4.025170E-03	9.846886E-01
4.872289E-03	9.847563E-01
5.800609E-03	9.846531E-01
6.810226E-03	9.844771E-01
7.901238E-03	9.843672E-01
9.073714E-03	9.842567E-01
1.032778E-02	9.840294E-01
1.166348E-02	9.837164E-01
1.308080E-02	9.834684E-01
1.457951E-02	9.834474E-01
1.615939E-02	9.835580E-01
1.782027E-02	9.835992E-01
1.956194E-02	9.834666E-01
2.138424E-02	9.831601E-01
2.328697E-02	9.827404E-01
2.526994E-02	9.822163E-01
2.733295E-02	9.818081E-01
2.947576E-02	9.817268E-01
3.169813E-02	9.819447E-01
3.399975E-02	9.823580E-01
3.638027E-02	9.828918E-01
3.883932E-02	9.833779E-01
4.137647E-02	9.836854E-01
4.399128E-02	9.838208E-01
4.668330E-02	9.838656E-01
4.945206E-02	9.837811E-01
5.229704E-02	9.835339E-01
5.521775E-02	9.832945E-01
5.821364E-02	9.831700E-01
6.128416E-02	9.830940E-01
6.442873E-02	9.830748E-01
6.764677E-02	9.830975E-01
7.093768E-02	9.831717E-01
7.430083E-02	9.833369E-01
7.773559E-02	9.834475E-01
8.124129E-02	9.833972E-01
8.481728E-02	9.833138E-01
8.846287E-02	9.833520E-01
9.217737E-02	9.834240E-01
9.596008E-02	9.834268E-01
9.981026E-02	9.833897E-01
1.037272E-01	9.833465E-01
1.077102E-01	9.832396E-01
1.117584E-01	9.830862E-01
1.158711E-01	9.830262E-01
1.200475E-01	9.830388E-01
1.242869E-01	9.830754E-01
1.285884E-01	9.830774E-01
1.329513E-01	9.830524E-01
1.373747E-01	9.830214E-01
1.418579E-01	9.829709E-01
1.463999E-01	9.829158E-01
1.510001E-01	9.828828E-01
1.556575E-01	9.829656E-01
1.603713E-01	9.831361E-01
1.651406E-01	9.832897E-01
1.699646E-01	9.833542E-01
1.748425E-01	9.832672E-01
1.797734E-01	9.828878E-01
1.847564E-01	9.822753E-01
1.897907E-01	9.816801E-01
1.948753E-01	9.812675E-01
2.000095E-01	9.811090E-01
2.051923E-01	9.812628E-01
2.104228E-01	9.816201E-01
2.157002E-01	9.820828E-01
2.210236E-01	9.825661E-01
2.263921E-01	9.830994E-01
2.318048E-01	9.837850E-01
2.372609E-01	9.847040E-01
2.427594E-01	9.858920E-01
2.482995E-01	9.873939E-01
2.538803E-01	9.892531E-01
2.595009E-01	9.914102E-01
2.651604E-01	9.936670E-01
2.708580E-01	9.959180E-01
2.765927E-01	9.979018E-01
2.823638E-01	9.992901E-01
2.881702E-01	1.000000E+00
2.940112E-01	9.996171E-01
2.998859E-01	9.980330E-01
3.057934E-01	9.952788E-01
3.117329E-01	9.915472E-01
3.177034E-01	9.871138E-01
3.237042E-01	9.822495E-01
3.297345E-01	9.772058E-01
3.357932E-01	9.721013E-01
3.418797E-01	9.670561E-01
3.479930E-01	9.621993E-01
3.541324E-01	9.575729E-01
3.602970E-01	9.531229E-01
3.664860E-01	9.488123E-01
3.726986E-01	9.446758E-01
3.789340E-01	9.405980E-01
3.851913E-01	9.364088E-01
3.914698E-01	9.320398E-01
3.977686E-01	9.274726E-01
4.040871E-01	9.228270E-01
4.104243E-01	9.181436E-01
4.167796E-01	9.132995E-01
4.231522E-01	9.082389E-01
4.295412E-01	9.029717E-01
4.359460E-01	8.974714E-01
4.423659E-01	8.916963E-01
4.488000E-01	8.857107E-01
4.552476E-01	8.795623E-01
4.617081E-01	8.734428E-01
4.681806E-01	8.676136E-01
4.746645E-01	8.624054E-01
4.811592E-01	8.582354E-01
4.876638E-01	8.553838E-01
4.941777E-01	8.540013E-01
5.007003E-01	8.539764E-01
5.072308E-01	8.549876E-01
5.137686E-01	8.565872E-01
5.203130E-01	8.585890E-01
5.268635E-01	8.608480E-01
5.334193E-01	8.631121E-01
5.399798E-01	8.652945E-01
5.465445E-01	8.673536E-01
5.531126E-01	8.692404E-01
5.596837E-01	8.708513E-01
5.662570E-01	8.721748E-01
5.728321E-01	8.732784E-01
5.794083E-01	8.742134E-01
5.859851E-01	8.749896E-01
5.925618E-01	8.755925E-01
5.991381E-01	8.760851E-01
6.057132E-01	8.764215E-01
6.122867E-01	8.765138E-01
6.188581E-01	8.764104E-01
6.254268E-01	8.761796E-01
6.319923E-01	8.758900E-01
6.385541E-01	8.755660E-01
6.451118E-01	8.752086E-01
6.516648E-01	8.748713E-01
6.582127E-01	8.745863E-01
6.647549E-01	8.743285E-01
6.712912E-01	8.740653E-01
6.778209E-01	8.737923E-01
6.843437E-01	8.735261E-01
6.908591E-01	8.733111E-01
6.973667E-01	8.731754E-01
7.038660E-01	8.731433E-01
7.103568E-01	8.731687E-01
7.168385E-01	8.732193E-01
7.233108E-01	8.733435E-01
7.297733E-01	8.735148E-01
7.362257E-01	8.736363E-01
7.426675E-01	8.736325E-01
7.490984E-01	8.735246E-01
7.555181E-01	8.734414E-01
7.619262E-01	8.734871E-01
7.683223E-01	8.737048E-01
7.747062E-01	8.740711E-01
7.810776E-01	8.745475E-01
7.874360E-01	8.751124E-01
7.937813E-01	8.757634E-01
8.001132E-01	8.764940E-01
8.064312E-01	8.772901E-01
8.127353E-01	8.781915E-01
8.190250E-01	8.792992E-01
8.253001E-01	8.806816E-01
8.315604E-01	8.824323E-01
8.378057E-01	8.848817E-01
8.440356E-01	8.884229E-01
8.502500E-01	8.884229E-01
8.564486E-01	8.884229E-01
8.626311E-01	8.884229E-01
8.687975E-01	8.892032E-01
8.749475E-01	8.892032E-01
8.810808E-01	8.892032E-01
8.871973E-01	8.892032E-01
8.932968E-01	8.892032E-01
8.993792E-01	8.892032E-01
9.054442E-01	8.892032E-01
9.114917E-01	8.892032E-01
9.175215E-01	8.892032E-01
9.235335E-01	8.892032E-01
9.295276E-01	8.892032E-01
9.355035E-01	8.892032E-01
9.414612E-01	8.892032E-01
9.474006E-01	8.892032E-01
9.533214E-01	8.892032E-01
9.592237E-01	8.892032E-01
9.651072E-01	8.892032E-01
9.709720E-01	8.892032E-01
9.768178E-01	8.892032E-01
9.826446E-01	8.892032E-01
9.884524E-01	8.892032E-01
9.942409E-01	8.892032E-01
1.000000E+00	8.892032E-01
