  0.000000000000000E+000   4.48638613200000     
  3.906250000000000E-003   4.46157184200000     
  7.812500000000000E-003   4.44058616300000     
  1.171875000000000E-002   4.42028218600000     
  1.562500000000000E-002   4.40024313400000     
  1.953125000000000E-002   4.37845080300000     
  2.343750000000000E-002   4.35370404100000     
  2.734375000000000E-002   4.32657669100000     
  3.125000000000000E-002   4.29868891400000     
  3.515625000000000E-002   4.27061892300000     
  3.906250000000000E-002   4.24209930400000     
  4.296875000000000E-002   4.21318747700000     
  4.687500000000000E-002   4.18397160900000     
  5.078125000000000E-002   4.15456371000000     
  5.468750000000000E-002   4.12510753400000     
  5.859375000000000E-002   4.09556620000000     
  6.250000000000000E-002   4.06578448500000     
  6.640625000000000E-002   4.03597805200000     
  7.031250000000000E-002   4.00619213900000     
  7.421875000000000E-002   3.97641602000000     
  7.812500000000000E-002   3.94666165000000     
  8.203125000000000E-002   3.91690676300000     
  8.593750000000000E-002   3.88720528900000     
  8.984375000000000E-002   3.85766386300000     
  9.375000000000000E-002   3.82819231500000     
  9.765625000000000E-002   3.79871239700000     
  0.101562500000000        3.76924021300000     
  0.105468750000000        3.73979908500000     
  0.109375000000000        3.71055317500000     
  0.113281250000000        3.68153691200000     
  0.117187500000000        3.65261106000000     
  0.121093750000000        3.62371964900000     
  0.125000000000000        3.59484162200000     
  0.128906250000000        3.56605236900000     
  0.132812500000000        3.53747803200000     
  0.136718750000000        3.50903608100000     
  0.140625000000000        3.48069280500000     
  0.144531250000000        3.45245956600000     
  0.148437500000000        3.42432089600000     
  0.152343750000000        3.39633397300000     
  0.156250000000000        3.36846369600000     
  0.160156250000000        3.34067622700000     
  0.164062500000000        3.31309695600000     
  0.167968750000000        3.28565629700000     
  0.171875000000000        3.25825546700000     
  0.175781250000000        3.23094581200000     
  0.179687500000000        3.20380068000000     
  0.183593750000000        3.17681063800000     
  0.187500000000000        3.14987513600000     
  0.191406250000000        3.12305995600000     
  0.195312500000000        3.09649088100000     
  0.199218750000000        3.07009280700000     
  0.203125000000000        3.04379439400000     
  0.207031250000000        3.01759157900000     
  0.210937500000000        2.99149403200000     
  0.214843750000000        2.96551248300000     
  0.218750000000000        2.93965584800000     
  0.222656250000000        2.91390610500000     
  0.226562500000000        2.88823698800000     
  0.230468750000000        2.86271781800000     
  0.234375000000000        2.83740914600000     
  0.238281250000000        2.81222740500000     
  0.242187500000000        2.78712184200000     
  0.246093750000000        2.76215531300000     
  0.250000000000000        2.73736626100000     
  0.253906250000000        2.71273621300000     
  0.257812500000000        2.68820467500000     
  0.261718750000000        2.66371684900000     
  0.265625000000000        2.63933102700000     
  0.269531250000000        2.61514770900000     
  0.273437500000000        2.59114098100000     
  0.277343750000000        2.56724236000000     
  0.281250000000000        2.54342799300000     
  0.285156250000000        2.51970265900000     
  0.289062500000000        2.49610305200000     
  0.292968750000000        2.47266238400000     
  0.296875000000000        2.44939486500000     
  0.300781250000000        2.42627753800000     
  0.304687500000000        2.40324132200000     
  0.308593750000000        2.38025153100000     
  0.312500000000000        2.35738756800000     
  0.316406250000000        2.33469929700000     
  0.320312500000000        2.31214747300000     
  0.324218750000000        2.28969283800000     
  0.328125000000000        2.26736614000000     
  0.332031250000000        2.24520228200000     
  0.335937500000000        2.22316009300000     
  0.339843750000000        2.20119798400000     
  0.343750000000000        2.17933344400000     
  0.347656250000000        2.15761140100000     
  0.351562500000000        2.13603656700000     
  0.355468750000000        2.11459089900000     
  0.359375000000000        2.09325847600000     
  0.363281250000000        2.07202871900000     
  0.367187500000000        2.05090357200000     
  0.371093750000000        2.02990520000000     
  0.375000000000000        2.00904154400000     
  0.378906250000000        1.98829799600000     
  0.382812500000000        1.96765900700000     
  0.386718750000000        1.94713003200000     
  0.390625000000000        1.92672391100000     
  0.394531250000000        1.90643954300000     
  0.398437500000000        1.88626812100000     
  0.402343750000000        1.86620623400000     
  0.406250000000000        1.84625875100000     
  0.410156250000000        1.82642953500000     
  0.414062500000000        1.80671980400000     
  0.417968750000000        1.78712877900000     
  0.421875000000000        1.76765039500000     
  0.425781250000000        1.74827787200000     
  0.429687500000000        1.72901106500000     
  0.433593750000000        1.70986349000000     
  0.437500000000000        1.69084075600000     
  0.441406250000000        1.67193238900000     
  0.445312500000000        1.65311730400000     
  0.449218750000000        1.63440071100000     
  0.453125000000000        1.61580078500000     
  0.457031250000000        1.59733321700000     
  0.460937500000000        1.57899219500000     
  0.464843750000000        1.56076838500000     
  0.468750000000000        1.54265256400000     
  0.472656250000000        1.52463554400000     
  0.476562500000000        1.50671626500000     
  0.480468750000000        1.48890213400000     
  0.484375000000000        1.47120618000000     
  0.488281250000000        1.45362756800000     
  0.492187500000000        1.43615873500000     
  0.496093750000000        1.41879341200000     
  0.500000000000000        1.40153539300000     
  0.503906250000000        1.38438978100000     
  0.507812500000000        1.36735585100000     
  0.511718750000000        1.35042536900000     
  0.515625000000000        1.33359265400000     
  0.519531250000000        1.31686240500000     
  0.523437500000000        1.30024317500000     
  0.527343750000000        1.28373967600000     
  0.531250000000000        1.26734563500000     
  0.535156250000000        1.25105539000000     
  0.539062500000000        1.23486688000000     
  0.542968750000000        1.21878443800000     
  0.546875000000000        1.20281078800000     
  0.550781250000000        1.18694579700000     
  0.554687500000000        1.17118740600000     
  0.558593750000000        1.15553419600000     
  0.562500000000000        1.13998621800000     
  0.566406250000000        1.12454337600000     
  0.570312500000000        1.10920332400000     
  0.574218750000000        1.09395926100000     
  0.578125000000000        1.07880801800000     
  0.582031250000000        1.06375154500000     
  0.585937500000000        1.04879956100000     
  0.589843750000000        1.03395890300000     
  0.593750000000000        1.01922888800000     
  0.597656250000000        1.00460614600000     
  0.601562500000000       0.990087383600000     
  0.605468750000000       0.975673332100000     
  0.609375000000000       0.961364683100000     
  0.613281250000000       0.947160551900000     
  0.617187500000000       0.933055619400000     
  0.621093750000000       0.919044049300000     
  0.625000000000000       0.905125282700000     
  0.628906250000000       0.891302029000000     
  0.632812500000000       0.877579420600000     
  0.636718750000000       0.863958262100000     
  0.640625000000000       0.850436794500000     
  0.644531250000000       0.837013218100000     
  0.648437500000000       0.823687391900000     
  0.652343750000000       0.810461835200000     
  0.656250000000000       0.797338171800000     
  0.660156250000000       0.784316920200000     
  0.664062500000000       0.771397346500000     
  0.667968750000000       0.758578039400000     
  0.671875000000000       0.745856963800000     
  0.675781250000000       0.733231761600000     
  0.679687500000000       0.720699991100000     
  0.683593750000000       0.708261906900000     
  0.687500000000000       0.695919536000000     
  0.691406250000000       0.683674476500000     
  0.695312500000000       0.671527895200000     
  0.699218750000000       0.659480210500000     
  0.703125000000000       0.647531115200000     
  0.707031250000000       0.635679339800000     
  0.710937500000000       0.623922551100000     
  0.714843750000000       0.612257983000000     
  0.718750000000000       0.600686515600000     
  0.722656250000000       0.589210862300000     
  0.726562500000000       0.577833638300000     
  0.730468750000000       0.566555723000000     
  0.734375000000000       0.555373487000000     
  0.738281250000000       0.544283679000000     
  0.742187500000000       0.533284926600000     
  0.746093750000000       0.522377671200000     
  0.750000000000000       0.511563968400000     
  0.753906250000000       0.500844739700000     
  0.757812500000000       0.490220042000000     
  0.761718750000000       0.479689680100000     
  0.765625000000000       0.469253346000000     
  0.769531250000000       0.458910702300000     
  0.773437500000000       0.448661419000000     
  0.777343750000000       0.438505214900000     
  0.781250000000000       0.428441970400000     
  0.785156250000000       0.418471903800000     
  0.789062500000000       0.408594947300000     
  0.792968750000000       0.398810474200000     
  0.796875000000000       0.389117368100000     
  0.800781250000000       0.379514059400000     
  0.804687500000000       0.370000933600000     
  0.808593750000000       0.360580272500000     
  0.812500000000000       0.351254274700000     
  0.816406250000000       0.342024595200000     
  0.820312500000000       0.332888285200000     
  0.824218750000000       0.323839913100000     
  0.828125000000000       0.314876888300000     
  0.832031250000000       0.305998643900000     
  0.835937500000000       0.297208504700000     
  0.839843750000000       0.288510796300000     
  0.843750000000000       0.279906053400000     
  0.847656250000000       0.271393219000000     
  0.851562500000000       0.262970208900000     
  0.855468750000000       0.254635295100000     
  0.859375000000000       0.246389904300000     
  0.863281250000000       0.238236124600000     
  0.867187500000000       0.230174992400000     
  0.871093750000000       0.222206439600000     
  0.875000000000000       0.214327061000000     
  0.878906250000000       0.206533339000000     
  0.882812500000000       0.198824601800000     
  0.886718750000000       0.191201341200000     
  0.890625000000000       0.183665866300000     
  0.894531250000000       0.176220338100000     
  0.898437500000000       0.168864534800000     
  0.902343750000000       0.161597611500000     
  0.906250000000000       0.154418644200000     
  0.910156250000000       0.147326822100000     
  0.914062500000000       0.140321939000000     
  0.917968750000000       0.133403989800000     
  0.921875000000000       0.126573098500000     
  0.925781250000000       0.119829473800000     
  0.929687500000000       0.113173588800000     
  0.933593750000000       0.106606006300000     
  0.937500000000000       0.100127261300000     
  0.941406250000000       9.373786349000000E-002
  0.945312500000000       8.743823504000001E-002
  0.949218750000000       8.122831266000000E-002
  0.953125000000000       7.510317212000001E-002
  0.957031250000000       6.905488383000000E-002
  0.960937500000000       6.307497935000000E-002
  0.964843750000000       5.715457497000000E-002
  0.968750000000000       5.128347380000000E-002
  0.972656250000000       4.545024594000000E-002
  0.976562500000000       3.964399106000000E-002
  0.980468750000000       3.385450410000000E-002
  0.984375000000000       2.807186400000000E-002
  0.988281250000000       2.228647826000000E-002
  0.992187500000000       1.648885985000000E-002
  0.996093750000000       1.066956948000000E-002
   1.00000000000000       4.819269996000000E-003
