0.00000000    5.35471983E-06
0.00500000    5.35445360E-06
0.01000000    5.35434009E-06
0.01500000    5.35425194E-06
0.02000000    5.35417699E-06
0.02500000    5.35411051E-06
0.03000000    5.35405006E-06
0.03500000    5.35399421E-06
0.04000000    5.35394199E-06
0.04500000    5.35389275E-06
0.05000000    5.35384601E-06
0.05500000    5.35380141E-06
0.06000000    5.35375865E-06
0.06500000    5.35371750E-06
0.07000000    5.35367780E-06
0.07500000    5.35363937E-06
0.08000000    5.35360210E-06
0.08500000    5.35356588E-06
0.09000000    5.35353061E-06
0.09500000    5.35349620E-06
0.10000000    5.35346260E-06
0.10500000    5.35342974E-06
0.11000000    5.35339756E-06
0.11500000    5.35336602E-06
0.12000000    5.35333507E-06
0.12500000    5.35330466E-06
0.13000000    5.35327477E-06
0.13500000    5.35324536E-06
0.14000000    5.35321639E-06
0.14500000    5.35318783E-06
0.15000000    5.35315964E-06
0.15500000    5.35313178E-06
0.16000000    5.35310419E-06
0.16500000    5.35307680E-06
0.17000000    5.35304949E-06
0.17500000    5.35302211E-06
0.18000000    5.35299442E-06
0.18500000    5.35296605E-06
0.19000000    5.35293640E-06
0.19500000    5.35290459E-06
0.20000000    5.35286921E-06
0.20500000    5.35282810E-06
0.21000000    5.35277788E-06
0.21500000    5.35271336E-06
0.22000000    5.35262652E-06
0.22500000    5.35250507E-06
0.23000000    5.35233018E-06
0.23500000    5.35207316E-06
0.24000000    5.35169046E-06
0.24500000    5.35111643E-06
0.25000000    5.35025276E-06
0.25500000    5.34895383E-06
0.26000000    5.34700696E-06
0.26500000    5.34410787E-06
0.27000000    5.33983398E-06
0.27500000    5.33362325E-06
0.28000000    5.32477377E-06
0.28500000    5.31248655E-06
0.29000000    5.29597103E-06
0.29500000    5.27460842E-06
0.30000000    5.24812265E-06
0.30500000    5.21667670E-06
0.31000000    5.18083727E-06
0.31500000    5.14142667E-06
0.32000000    5.09934058E-06
0.32500000    5.05540553E-06
0.33000000    5.01030470E-06
0.33500000    4.96456125E-06
0.34000000    4.91855479E-06
0.34500000    4.87255011E-06
0.35000000    4.82672640E-06
0.35500000    4.78120174E-06
0.36000000    4.73605187E-06
0.36500000    4.69132374E-06
0.37000000    4.64704504E-06
0.37500000    4.60323078E-06
0.38000000    4.55988774E-06
0.38500000    4.51701756E-06
0.39000000    4.47461886E-06
0.39500000    4.43268881E-06
0.40000000    4.39122432E-06
0.40500000    4.35022314E-06
0.41000000    4.30968499E-06
0.41500000    4.26961282E-06
0.42000000    4.23001458E-06
0.42500000    4.19090544E-06
0.43000000    4.15231098E-06
0.43500000    4.11427157E-06
0.44000000    4.07684836E-06
0.44500000    4.04013121E-06
0.45000000    4.00424884E-06
0.45500000    3.96938073E-06
0.46000000    3.93576940E-06
0.46500000    3.90372917E-06
0.47000000    3.87364507E-06
0.47500000    3.84595250E-06
0.48000000    3.82108958E-06
0.48500000    3.79942301E-06
0.49000000    3.78116457E-06
0.49500000    3.76631119E-06
0.50000000    3.75463801E-06
0.50500000    3.74574903E-06
0.51000000    3.73916060E-06
0.51500000    3.73438281E-06
0.52000000    3.73097575E-06
0.52500000    3.72857593E-06
0.53000000    3.72690008E-06
0.53500000    3.72573630E-06
0.54000000    3.72493061E-06
0.54500000    3.72437331E-06
0.55000000    3.72398734E-06
0.55500000    3.72371907E-06
0.56000000    3.72353145E-06
0.56500000    3.72339897E-06
0.57000000    3.72330413E-06
0.57500000    3.72323496E-06
0.58000000    3.72318328E-06
0.58500000    3.72314352E-06
0.59000000    3.72311185E-06
0.59500000    3.72308570E-06
0.60000000    3.72306328E-06
0.60500000    3.72304341E-06
0.61000000    3.72302525E-06
0.61500000    3.72300826E-06
0.62000000    3.72299204E-06
0.62500000    3.72297636E-06
0.63000000    3.72296102E-06
0.63500000    3.72294591E-06
0.64000000    3.72293096E-06
0.64500000    3.72291610E-06
0.65000000    3.72290129E-06
0.65500000    3.72288652E-06
0.66000000    3.72287176E-06
0.66500000    3.72285700E-06
0.67000000    3.72284224E-06
0.67500000    3.72282746E-06
0.68000000    3.72281267E-06
0.68500000    3.72279786E-06
0.69000000    3.72278302E-06
0.69500000    3.72276817E-06
0.70000000    3.72275329E-06
0.70500000    3.72273838E-06
0.71000000    3.72272345E-06
0.71500000    3.72270850E-06
0.72000000    3.72269351E-06
0.72500000    3.72267850E-06
0.73000000    3.72266347E-06
0.73500000    3.72264840E-06
0.74000000    3.72263330E-06
0.74500000    3.72261818E-06
0.75000000    3.72260303E-06
0.75500000    3.72258784E-06
0.76000000    3.72257263E-06
0.76500000    3.72255738E-06
0.77000000    3.72254211E-06
0.77500000    3.72252680E-06
0.78000000    3.72251146E-06
0.78500000    3.72249609E-06
0.79000000    3.72248069E-06
0.79500000    3.72246526E-06
0.80000000    3.72244979E-06
0.80500000    3.72243429E-06
0.81000000    3.72241875E-06
0.81500000    3.72240318E-06
0.82000000    3.72238758E-06
0.82500000    3.72237194E-06
0.83000000    3.72235627E-06
0.83500000    3.72234056E-06
0.84000000    3.72232482E-06
0.84500000    3.72230904E-06
0.85000000    3.72229323E-06
0.85500000    3.72227737E-06
0.86000000    3.72226149E-06
0.86500000    3.72224556E-06
0.87000000    3.72222960E-06
0.87500000    3.72221360E-06
0.88000000    3.72219757E-06
0.88500000    3.72218149E-06
0.89000000    3.72216538E-06
0.89500000    3.72214923E-06
0.90000000    3.72213304E-06
0.90500000    3.72211681E-06
0.91000000    3.72210054E-06
0.91500000    3.72208423E-06
0.92000000    3.72206789E-06
0.92500000    3.72205150E-06
0.93000000    3.72203507E-06
0.93500000    3.72201861E-06
0.94000000    3.72200210E-06
0.94500000    3.72198555E-06
0.95000000    3.72196896E-06
0.95500000    3.72195233E-06
0.96000000    3.72193566E-06
0.96500000    3.72191894E-06
0.97000000    3.72190219E-06
0.97500000    3.72188539E-06
0.98000000    3.72186855E-06
0.98500000    3.72185167E-06
0.99000000    3.72183474E-06
0.99500000    3.72181777E-06
1.00000000    3.72180076E-06












































































































































































































