0.00000000    1.00000002E+00
0.00500000    9.99950301E-01
0.01000000    9.99929103E-01
0.01500000    9.99912640E-01
0.02000000    9.99898643E-01
0.02500000    9.99886227E-01
0.03000000    9.99874939E-01
0.03500000    9.99864508E-01
0.04000000    9.99854757E-01
0.04500000    9.99845562E-01
0.05000000    9.99836833E-01
0.05500000    9.99828502E-01
0.06000000    9.99820517E-01
0.06500000    9.99812834E-01
0.07000000    9.99805418E-01
0.07500000    9.99798243E-01
0.08000000    9.99791282E-01
0.08500000    9.99784517E-01
0.09000000    9.99777930E-01
0.09500000    9.99771506E-01
0.10000000    9.99765231E-01
0.10500000    9.99759094E-01
0.11000000    9.99753084E-01
0.11500000    9.99747194E-01
0.12000000    9.99741414E-01
0.12500000    9.99735737E-01
0.13000000    9.99730156E-01
0.13500000    9.99724666E-01
0.14000000    9.99719259E-01
0.14500000    9.99713932E-01
0.15000000    9.99708678E-01
0.15500000    9.99703493E-01
0.16000000    9.99698369E-01
0.16500000    9.99693300E-01
0.17000000    9.99688278E-01
0.17500000    9.99683290E-01
0.18000000    9.99678320E-01
0.18500000    9.99673344E-01
0.19000000    9.99668326E-01
0.19500000    9.99663209E-01
0.20000000    9.99657909E-01
0.20500000    9.99652293E-01
0.21000000    9.99646158E-01
0.21500000    9.99639191E-01
0.22000000    9.99630911E-01
0.22500000    9.99620578E-01
0.23000000    9.99607061E-01
0.23500000    9.99588637E-01
0.24000000    9.99562692E-01
0.24500000    9.99525285E-01
0.25000000    9.99470512E-01
0.25500000    9.99389625E-01
0.26000000    9.99269842E-01
0.26500000    9.99092858E-01
0.27000000    9.98833215E-01
0.27500000    9.98456976E-01
0.28000000    9.97921607E-01
0.28500000    9.97178387E-01
0.29000000    9.96178567E-01
0.29500000    9.94883021E-01
0.30000000    9.93272525E-01
0.30500000    9.91353796E-01
0.31000000    9.89157816E-01
0.31500000    9.86731397E-01
0.32000000    9.84126501E-01
0.32500000    9.81391709E-01
0.33000000    9.78567632E-01
0.33500000    9.75685716E-01
0.34000000    9.72769049E-01
0.34500000    9.69833961E-01
0.35000000    9.66891690E-01
0.35500000    9.63949810E-01
0.36000000    9.61013328E-01
0.36500000    9.58085494E-01
0.37000000    9.55168370E-01
0.37500000    9.52263225E-01
0.38000000    9.49370809E-01
0.38500000    9.46491542E-01
0.39000000    9.43625649E-01
0.39500000    9.40773257E-01
0.40000000    9.37934476E-01
0.40500000    9.35109476E-01
0.41000000    9.32298560E-01
0.41500000    9.29502269E-01
0.42000000    9.26721500E-01
0.42500000    9.23957683E-01
0.43000000    9.21213023E-01
0.43500000    9.18490838E-01
0.44000000    9.15796019E-01
0.44500000    9.13135662E-01
0.45000000    9.10519862E-01
0.45500000    9.07962677E-01
0.46000000    9.05483132E-01
0.46500000    9.03105989E-01
0.47000000    9.00861772E-01
0.47500000    8.98785313E-01
0.48000000    8.96912146E-01
0.48500000    8.95272751E-01
0.49000000    8.93885946E-01
0.49500000    8.92753990E-01
0.50000000    8.91861775E-01
0.50500000    8.91180555E-01
0.51000000    8.90674336E-01
0.51500000    8.90306223E-01
0.52000000    8.90042862E-01
0.52500000    8.89856577E-01
0.53000000    8.89725741E-01
0.53500000    8.89634151E-01
0.54000000    8.89570016E-01
0.54500000    8.89524932E-01
0.55000000    8.89492990E-01
0.55500000    8.89470077E-01
0.56000000    8.89453351E-01
0.56500000    8.89440854E-01
0.57000000    8.89431244E-01
0.57500000    8.89423603E-01
0.58000000    8.89417302E-01
0.58500000    8.89411912E-01
0.59000000    8.89407143E-01
0.59500000    8.89402793E-01
0.60000000    8.89398729E-01
0.60500000    8.89394856E-01
0.61000000    8.89391113E-01
0.61500000    8.89387457E-01
0.62000000    8.89383857E-01
0.62500000    8.89380295E-01
0.63000000    8.89376757E-01
0.63500000    8.89373233E-01
0.64000000    8.89369718E-01
0.64500000    8.89366207E-01
0.65000000    8.89362696E-01
0.65500000    8.89359185E-01
0.66000000    8.89355671E-01
0.66500000    8.89352154E-01
0.67000000    8.89348632E-01
0.67500000    8.89345106E-01
0.68000000    8.89341575E-01
0.68500000    8.89338038E-01
0.69000000    8.89334496E-01
0.69500000    8.89330948E-01
0.70000000    8.89327394E-01
0.70500000    8.89323834E-01
0.71000000    8.89320267E-01
0.71500000    8.89316694E-01
0.72000000    8.89313115E-01
0.72500000    8.89309529E-01
0.73000000    8.89305937E-01
0.73500000    8.89302338E-01
0.74000000    8.89298732E-01
0.74500000    8.89295119E-01
0.75000000    8.89291499E-01
0.75500000    8.89287871E-01
0.76000000    8.89284237E-01
0.76500000    8.89280595E-01
0.77000000    8.89276946E-01
0.77500000    8.89273290E-01
0.78000000    8.89269625E-01
0.78500000    8.89265954E-01
0.79000000    8.89262274E-01
0.79500000    8.89258587E-01
0.80000000    8.89254892E-01
0.80500000    8.89251188E-01
0.81000000    8.89247477E-01
0.81500000    8.89243758E-01
0.82000000    8.89240031E-01
0.82500000    8.89236295E-01
0.83000000    8.89232551E-01
0.83500000    8.89228799E-01
0.84000000    8.89225038E-01
0.84500000    8.89221268E-01
0.85000000    8.89217490E-01
0.85500000    8.89213704E-01
0.86000000    8.89209908E-01
0.86500000    8.89206104E-01
0.87000000    8.89202291E-01
0.87500000    8.89198469E-01
0.88000000    8.89194638E-01
0.88500000    8.89190798E-01
0.89000000    8.89186949E-01
0.89500000    8.89183091E-01
0.90000000    8.89179223E-01
0.90500000    8.89175346E-01
0.91000000    8.89171460E-01
0.91500000    8.89167565E-01
0.92000000    8.89163660E-01
0.92500000    8.89159745E-01
0.93000000    8.89155821E-01
0.93500000    8.89151887E-01
0.94000000    8.89147943E-01
0.94500000    8.89143990E-01
0.95000000    8.89140027E-01
0.95500000    8.89136054E-01
0.96000000    8.89132071E-01
0.96500000    8.89128079E-01
0.97000000    8.89124076E-01
0.97500000    8.89120063E-01
0.98000000    8.89116040E-01
0.98500000    8.89112007E-01
0.99000000    8.89107964E-01
0.99500000    8.89103910E-01
1.00000000    8.89099846E-01
